126791816
106090954
112644466
97161728
98497002
90254652
89805168
89713362
89736642
89879538
89154228
89408074
89154200
88915854
88809654
88931484
89143010
119380342
89218302
89108394
88600092
88769782
89102964
88810532
88892884
88904822
88641936
88613222
88398178
88584560
88377936
89072066
89579784
89240514
89643708
89162900
90038106
87897652
88690166
88612324
88156054
88513034
88508564
89097092
88634178
89559386
89102942
88824780
88680490
90111040
89046148
88937436
88630202
88697758
88538060
88860776
88866124
88642818
90262712
88024196
89158662
89080206
88830658
89032622
88664560
88614966
88618444
88594172
88644752
89056680
88899938
89535142
88707054
88900106
88656966
88595044
89264374
88722144
88338788
88594452
88615192
88875742
88888804
88448352
88964792
89653134
89127562
88685354
88956506
88661178
88729182
88741784
89247250
88747736
88813658
91431190
89269768
88703034
91038246
88691938
88594740
88793962
89037520
88669708
88736280
89006202
88510728
88734714
89055638
88636492
88920280
89233306
88820912
88593456
88583080
88737272
88802610
88918984
88694166
88764224
89330578
88549114
91342660
88688692
89540232
89755552
88323090
88511132
88583186
88628608
88635216
88336456
88905022
88474258
88600138
88286394
88968396
88776394
88981986
88883962
88544122
88542626
88790292
88007244
88434532
88442690
88517594
88675990
89951656
88178064
88207082
91189828
88908536
99279906
90314898
89206398
89468838
89651896
89711420
89241784
89186716
89214874
89086244
89262276
88844228
88255084
92183172
94414648
90045736
89470472
89724358
89284538
89309414
89113330
90311768
90845708
89109590
90027372
89151210
89171472
89260930
89242822
89301458
88860598
89348684
89549958
88973770
88964874
89055366
89182928
89643890
89111846
89117552
89258332
89011062
90087790
89496552
95379164
89193330
89007336
89255400
106023190
90888172
89815706
88842486
88585982
89289068
88367652
88477588
88663828
89135288
88465852
88485826
88652392
88405498
88447376
88405144
88821500
88560650
89129810
89007840
87959180
88757288
88914122
88623744
87757672
87755220
93061176
91080478
88788364
89368188
88750414
88668856
88680464
88555892
87734560
88719436
89434496
89641418
89226830
89089320
88915736
89147228
89671532
89334060
89235820
94218150
89602308
103790428
90306040
89361210
89191470
89121270
89552714
95385688
90501522
92849912
89565898
90098612
89886722
89068784
88905944
88916924
89815950
88894484
88990148
88823776
88728140
89090214
89422736
88815600
88092590
88715854
88917610
88652356
88745574
99864408
93352178
91347912
92976908
89266858
88642944
89631158
89619044
88378124
88386540
88701744
88488048
87986530
88768060
89006408
88795764
88808624
88674062
88733972
88627856
88776940
87860106
88607640
88449756
88552064
88648796
88944638
90698378
88931980
88896876
89329132
88299574
88914236
90307816
89304598
89476768
89197036
89284728
89324112
88898098
89160686
89358320
89026196
88732260
89325054
89047496
89734332
88990740
88983354
89104886
89357400
89955694
89353128
93527400
91041656
90019620
90598044
89260388
89065078
90061554
88975626
89110658
89137160
88903902
89026990
89078224
89110674
90391518
89307428
89207338
89291708
89056268
89751288
88959058
89301362
88272530
89175804
89376768
88937268
88956786
89381376
89604292
89502866
135290350
116239252
89771696
88490736
88795644
88387556
88879710
88416220
89149432
88637160
89247288
88932004
88644520
88594100
88421702
89231994
88372232
88807628
88839400
88670262
89255886
89091392
88973408
88912228
89615338
91687296
91688808
90396720
89925422
88763974
88937110
88885486
88611452
89016630
88966240
88834452
88711106
89318786
88954276
91041130
90643578
89521820
88833860
88673602
88710592
88627918
88900736
91044698
88592694
89196518
89300718
89116940
91016792
88585450
96362504
89800988
89159168
88721706
88802276
88752884
89231150
88827780
89042294
89146360
89291454
89135890
88922430
89118368
89621778
89071890
89211610
89148840
88952120
89608618
92787660
90593954
89692616
92501606
89536544
92626818
89203356
88949068
88093660
97873018
94896060
89503278
90222064
88797674
88515388
88621170
88745156
88940086
88470066
87803610
89430046
89342076
88964946
88530148
88650948
87742604
88781090
88618276
88469280
88616444
93399524
90101684
107130538
94116296
89999774
90445966
88798426
89366544
88911792
89134614
89028584
89831846
88187096
90001008
89080840
88719158
89662030
88895662
89467572
88979288
89499758
88958282
88872844
89369536
88927756
89195546
89913700
89866750
89037816
89785988
88829598
88660344
95113048
88770664
88472826
91111182
90645964
91370512
96381076
90837448
89311984
90054580
89399424
88709454
88611240
88566520
88691352
89038740
88648196
89221624
88921904
88699294
88753922
90219348
89113446
88667636
89683848
88612010
88705586
89727714
90124634
91891942
91864734
89349554
89830418
88861402
88854866
88389688
89060052
89703770
89304922
91007944
89534122
89786498
88695724
88791588
88655594
88922076
88486682
89419646
88931210
88920200
89603854
88389678
88635000
89141494
88248548
88648486
88562418
88849128
89526232
88717684
94279130
89025514
88569432
89620342
88632464
89056980
88945220
88816604
88629600
88626300
88509190
89203556
88588026
90921650
89821212
88658370
89044250
90564902
88565324
100368744
100714208
90604500
88401288
88642124
90142252
89150708
88995502
88747920
88604118
88729056
89589904
89403788
89325084
89374852
88958926
88556500
88650006
88888276
88900748
88930868
88811760
88940278
88611916
89665786
88699072
88622098
88846874
88676788
88861442
88806916
89255066
89601244
89475058
89207274
89226600
89486482
90081352
89258982
89068030
88810898
88784964
89162624
89035968
88999376
88926812
89191340
89408530
89133084
89175960
89362264
89037046
89014596
94393704
89104976
89246512
89189538
90696226
89710816
88987454
89359076
89230258
89414178
90150472
89170860
89055854
88805964
89111912
89177080
89026144
88352162
89024310
89121696
90906846
89560796
88396030
88236866
88598080
88543392
88672598
88421986
87657358
88489420
88740444
89751748
88929264
88167326
88888386
88362268
88802762
89140372
88653178
88493850
88388048
88626396
88515384
88476120
88523484
88501434
89762316
88971588
88973788
89053280
90029144
90009408
89031950
89323856
88928294
88793810
88246662
88378066
89174448
88974670
88860016
89570424
88805030
89575938
88655276
88679142
88512782
88679642
88576694
88974928
88829640
94821350
90590102
88632778
90085412
88685666
88624828
89627316
90487830
87944726
88697550
88060496
88523096
88898680
88382956
88655070
90006112
88528168
88502184
88634290
89569080
88269010
89239690
88883380
88763714
88501502
88519762
88556590
88728484
88428876
88734112
88995764
91864454
93275694
88777186
88383118
88677946
89041546
88696060
88446096
88529470
88684508
89655482
88624566
88593826
88947292
90291404
89502246
89547378
89232288
88471960
88580926
88801746
88607772
88571794
88708558
88523544
88734078
88690464
89134698
90354350
88636454
103216064
89300504
88789554
89325708
89764680
89015618
89190562
89933026
88432966
89278492
89196608
90290964
89211172
88915228
89147612
88304282
88656216
88505872
89303268
88483570
88670338
88983572
88844474
87801268
89707308
89205210
89198494
89100424
89160770
94305600
89488512
89109138
88997270
89161024
89553886
89046490
89074464
89928764
89252590
88527990
89026770
89612454
88952000
88975150
89052672
88956140
88799794
89505284
89376432
89358464
89766308
89277800
88852020
93381174
89106610
89016126
89682556
88990426
88967152
89126796
89525762
89320956
89122198
89187012
89773670
89338280
89450646
88870304
89034394
88959166
88993282
88923124
89013386
89117446
89127942
89156690
88887886
90132712
89221332
89065782
88994990
89386850
89421010
89488438
89032682
89086740
88933344
89206748
90177874
88849804
90258572
89062752
89146358
89081790
90135888
88913722
88278894
89018286
88915002
89203948
90125068
88500670
88240578
90424188
89213742
89159114
88451072
88501870
88837634
88817922
88634302
88591992
87840972
88900186
88830254
89172200
89150848
89868594
89399116
89211102
88318882
88828708
89120598
89096166
89089856
89064868
90001996
89349096
89192954
89131096
90355592
88859094
88397814
88384230
89082406
89292496
89843246
89005790
89127214
88669114
94901402
89477384
88689664
89745970
89068342
88912780
89087616
88715474
88711882
88790296
88767644
89289150
88898974
90436370
89144446
88974868
89520958
89158170
88855420
89141058
88697414
88767484
88479620
88807148
88985176
89066174
88827656
88697744
91078220
89453306
88324742
88891110
88626222
88600264
88704170
88335870
88688194
88452950
88597640
88577898
88764928
88476084
88678230
89261988
88810060
88304142
88734476
88529794
88486804
88700736
89253756
92779202
89363712
90199696
89124732
90465576
90028928
89406016
91754158
89778246
89204204
88913320
89207982
88876358
89220690
88921974
89045954
89662208
88796550
90199348
88750170
88981420
88884410
89051488
89012220
89110752
90238170
89103368
88338340
88937354
88623844
89086714
90865038
89005728
90210868
89119054
88890446
88898660
88705260
89065446
88689130
88639110
89092866
108184690
150614880
103092762
88687952
88760110
88626816
88763132
