12504478
14109628
13461800
10623034
13874188
12641916
9913412
11972256
13495656
10086868
9800224
13992532
11836348
9789798
11572648
12596974
10251792
9710360
13015640
13383252
9765510
10782858
11611446
10176650
9800340
10305024
10505596
11946966
9950016
11641088
12642582
9960680
9738800
12587408
12802744
9752316
11168630
11544084
9747542
9978942
11426182
15108934
11017682
10219984
14612178
12462970
9797948
9788634
9955938
9763698
9846774
9952518
9742368
9814418
10145984
9696266
9728926
10680574
9700914
9959770
9646464
9731270
9937798
9915238
9717540
9915422
9675984
9720502
9891800
9702316
9693230
9914048
9705806
9725012
9890020
9726726
9688068
9972762
9704706
9921296
9648188
10068070
9885078
9694198
9713850
9994660
9658848
9775770
9868624
9663360
9698960
9890924
9664838
9719526
9901774
9672794
9775632
9841520
9768792
9691024
9851506
9706914
9904196
9668972
9722408
9974608
9740432
9710924
9923640
9737076
9713242
9919194
9920612
9714020
9872262
9766918
9723636
9860078
9709526
9721962
9865770
9671962
9690234
9837836
9717048
9883460
9623156
9706734
10366716
9613634
9735000
9855478
10183386
9641386
9904770
9696856
9928648
9819246
9731344
9772348
10238884
9713662
9715566
9954328
9705482
9890422
9664416
9704288
9930148
9654250
9699778
9895822
9707740
9707848
9869490
9666602
9751026
9964482
9640354
9709874
9897436
9697552
9667914
9932068
9727588
9685268
9902540
9754590
9867650
9673844
9692516
9954860
9641938
9712838
9884988
9726010
10183906
11358132
9647484
10677550
9788568
9815682
9718330
9952160
9751764
9710968
9847182
9786980
9885308
9752380
9722642
9878192
9653942
9693938
9859936
9680152
9694072
9893766
9669934
9744918
9867242
9671674
9741440
9829556
9701024
9688738
9921338
9672608
9684966
9839800
9717950
9842564
9652932
9703638
9864444
9646424
9706900
9957890
9632494
9687128
9883300
9645322
9752432
9985332
9834478
9687156
9861812
9673576
9690982
9915136
9668808
9881586
9796294
9869032
9886138
9653164
9707682
9898348
9673580
9693268
9891368
9659420
9692806
9865030
9657382
9696194
9858852
9791446
9665188
9840300
9701436
9680700
9831572
9690980
9877122
9616014
9717032
9868772
9656614
9711242
9867380
9668710
9683140
9917624
9652454
9678604
9844906
9682418
9663100
9874650
9665442
9667044
9854386
9697528
9867826
9736696
9652202
9891546
9652904
9949878
9833918
9721900
9689358
9902272
9685696
9754362
9873324
9682912
9721496
9879014
9686156
9711398
9883336
9704960
9707296
9864370
9715250
9893212
9663094
9768632
9922470
9660842
10449046
9781898
9689536
9715688
9862280
9710342
9698024
9897272
9711104
9696092
9861270
9711986
9697530
9842520
9743000
9896206
9678024
9710842
9894896
9657580
9695776
9882430
9673392
9693848
9974866
9648242
9713832
9870230
12108998
10184608
9983710
9850758
9721110
9881278
9716972
9718888
9871650
9718156
9949234
9864072
9915138
10051062
9794510
9760230
9912070
9712770
9743136
9902532
9760428
9754950
9892716
10630652
9730602
9886640
9709486
9712264
9908930
9722932
9912830
9675470
9721466
9934024
9698632
9714402
9902580
9717070
9722872
9885768
9693278
9735104
9893946
9711088
9722432
10398942
9707090
9717194
9896698
9674390
9717786
9954360
9676124
9924688
9649982
9837282
9904050
9623456
9695460
9875124
9661404
9675320
9878508
9654198
9751016
9962442
9648272
9698478
9852948
9678024
9689360
9846116
9796078
9830370
9648710
9732068
9875282
9664572
9705176
9955852
9678642
9690944
9870732
9673476
9693642
9853312
9684018
9701278
9829678
9688038
9902508
13423256
14274234
10557238
11073870
10682814
10847428
9798754
10248378
10691102
9648176
9805302
10113708
9634410
9641554
10012082
9780260
9658946
9896078
9729744
9808650
9870510
9714998
9683174
9921942
9693912
9887982
9651468
9767916
9865452
9666218
9817032
9991890
9645592
9736458
9914484
9824706
9710206
9880998
9676724
9779038
9895004
9683792
9686592
9906226
9695494
9688898
9885164
9743620
9879552
9660342
9787992
9892216
9710800
9721574
9852462
9703282
9757916
9849796
9735930
9678718
10037654
9710922
9757164
9821682
9711862
9694510
9965136
9682436
9716922
9863942
9772550
9885416
9671628
9721622
9923020
9654688
9703440
9864642
9710200
9695256
9867844
9682198
9781534
9873436
9654724
9702256
9904906
9739960
9672844
9891438
9741818
9892724
9638258
9736158
9917402
9654586
9724190
9935026
9692018
9741798
9876364
9656478
9856668
9870210
9679584
9693660
10093884
9719152
9678076
9923972
9719048
9693162
9861428
9759216
9894350
9676716
9707628
9952112
9657920
9725244
9853560
9735830
9736612
9878976
9663430
10434136
9801364
9641370
9694750
9879454
9694106
9691440
9829418
9739704
9854508
9648518
9695498
9912118
9683762
9677236
9855908
9699764
9704668
9858476
9859052
9690636
9860916
9672048
9689224
9866842
9662468
9662058
10053242
9702198
9710392
9850162
9800880
9960940
9663746
9699674
10162796
9747882
9709112
9849410
9717696
9684170
9975030
9647100
9732854
9835538
9708412
9698826
9900700
9656590
9685518
9843250
9729266
9871020
9647144
9729364
9903414
9639678
9687000
9844464
10411012
9671818
9984706
9716198
9727322
9851538
9687276
9717738
9886616
9666856
9669186
9858376
9716284
9680528
9816702
9689378
9906414
9651182
9692224
9898634
10015348
9663560
9908342
9777200
9935150
9857712
9676038
10004620
10085762
9708704
9666634
9910486
9658530
9686512
9840544
9760348
9835374
9667536
9705852
9953756
9666660
9786076
9845004
9724516
9679788
9879528
9657636
9790118
9906756
9681272
9686076
9918296
9667098
9816254
9852674
9713544
9687514
9858264
9708608
9921126
11508684
9822436
10145316
10576538
9761304
9901662
9761274
9741236
9900728
9687796
9791612
9877212
9704098
9692370
9909586
9672472
9706380
9848352
9756652
9865318
9651576
9718602
9897670
9647336
9719304
9853604
9771890
9668352
9873236
9665006
9718986
9860458
9693792
9689716
9914814
9664026
9700590
9857886
9727188
9672090
9855844
9804046
9965716
9660600
9710726
9869454
9714100
9718986
9846926
9673046
9730934
9860370
9667222
9714152
9895438
9689438
9688888
9954126
9656170
9687668
9874744
9829240
9880414
9683598
9709986
10113744
9667092
9735158
9878644
9756656
9687212
9910356
9705364
9759956
9849960
9693802
9717944
9928674
9677992
9720858
9864532
9752218
9684206
9831590
9713566
9940176
9672692
9713652
9942616
9695026
9759012
9845312
9663910
9751828
9873022
9689718
9709556
9910294
9692668
9702458
9882040
9744356
9700924
9913212
9735692
9896868
9727958
9751854
9881518
9712316
9733048
10040850
9769638
9655886
9889340
9667390
9791364
9835326
9685700
9706342
9959772
9660892
9713760
9922272
9850654
9664712
10565268
9650044
9937780
9658434
9718500
9849316
9719002
9687682
9884052
9682912
9745172
9848694
9670124
9712116
9858566
9670840
9696698
9871024
9722040
9706392
9848412
9702344
9935356
9643950
9705898
9883744
9778502
10471722
10416404
9767268
9666734
9966130
9644024
9769550
9841044
9915928
9640658
9969174
9693306
9714384
9873880
11856886
9748480
9846682
9768220
9925120
9711430
9684948
9889772
9724776
10089196
9844796
9660718
9730806
9876352
9675486
9755914
9862850
9685862
9707878
9871528
9732128
9706736
9862968
9698950
9726460
9825806
10141678
10245682
9608622
9755128
9878050
9724022
9684822
9869204
9649744
9708300
9843968
9679846
9682264
9889148
9696954
9677288
9843630
9702012
9668482
9835134
9883194
9904244
9652052
9707266
10026016
9667700
9716334
9877938
9696046
9711460
9863858
9688674
9708338
9955342
9758832
9677034
9938446
9691960
9711208
9896042
9769448
9705016
9896510
9734738
9867686
9687068
9718084
9905058
9688312
9699572
9899148
10000892
13850482
14072418
12615116
10750420
9922304
9735174
10010322
9840740
9648330
9781598
9911534
9738360
9907286
9662752
9746856
9892862
9650198
9711108
9886538
9696154
9703508
9867598
9668918
9731144
9859954
9667206
9689744
9907246
9714508
9663404
9892014
9661972
9675608
9838180
9758470
9839536
9661906
9692424
9939768
9696178
9681136
9852674
9734074
9688400
9867996
9687836
9856478
9842826
9685834
9709104
9922374
9686342
9696742
9880074
9751864
9878138
9685496
9702630
9932528
9665026
9705904
9886634
9739256
9812874
9849326
9694766
9782250
10109258
9638376
9680388
10046256
9701320
9658712
9861156
9714308
9678774
9827568
9737240
9892350
9646206
9697998
9853130
9713476
9702660
9866240
9650270
9721546
9848144
9653032
