134075796
134846622
138207574
133135272
129730510
129335182
128833760
129096926
129604542
128926550
129054728
129011608
129078386
130265420
129172896
129773012
129065746
129476968
128773734
128849804
128772770
128818206
129654060
129617238
129114600
128984100
128754512
128710954
129071972
129099438
128915968
128989600
131018272
129158334
130231190
128828216
129117842
129872686
129330126
128971050
129822856
129891764
129381016
129035574
129422078
128747078
129280562
128802040
128945364
128809244
129930996
130273890
129155444
128748280
128849934
128942018
128837228
128742522
128999488
129587108
129114846
128882688
128922194
128889738
129215390
129179062
128903620
128937516
129841234
129510452
128614956
128801462
129574612
129266796
129277080
128762342
128679218
128921218
130110932
128846964
128924470
129047584
129478318
129167964
130158044
129328986
129481542
129980644
128854606
129106558
128901112
128987050
128735742
128758122
129442158
129131404
130363032
128934202
129763010
128973118
129634330
129019394
129012284
128881360
128754022
129531896
129266012
129032074
129658012
129137382
128981120
128892204
128814736
129263276
130083712
129877208
129367692
128847658
128930262
128964440
128900574
129566698
128777600
128738024
129901988
129432856
129151002
128957044
129895288
129180130
128904842
128687152
128804872
129579910
129060470
128761742
128898400
128992084
128683652
129083688
129022410
128859548
129513324
128755056
128617256
128887974
129115226
128628344
128735734
128800012
128720680
129541308
129142744
128939880
128545192
129450602
129336382
129742082
128770816
128773206
128880942
129508540
128755934
128753348
129117314
129115276
128743918
128974170
128896204
128752188
129534874
129266286
129062066
128946326
128857060
128870568
129107856
128778808
128785786
129579486
128669870
128678026
128796672
129202066
128808702
128703944
128822814
128831604
129633716
129120768
128993464
128872486
129467434
130011144
129291996
129026918
129695192
130060710
129109948
129116448
129002316
129130578
129211994
129006536
129040498
129331766
129459780
129326424
128957168
129344454
129136278
129206510
129877814
129231200
129325972
128952768
130160424
129954040
129087170
129059994
129398004
129316008
129410048
129028282
129411624
130106518
129386190
129329582
129295068
129534212
129314644
129789768
129090336
129260828
130785784
129104780
129213766
129399668
129161516
129322556
129042016
129560454
129157550
130180104
129262180
129146390
129136246
128601120
129084664
129559968
129462372
129239202
130253838
128777828
128937110
129290048
129398836
129221990
129237230
129316348
129196860
129240512
129817322
129490978
129049738
129571198
129420328
129295312
130199930
130668382
130489200
129903390
129221030
129323106
129101178
129058772
129139650
129165590
129035772
129147682
129660864
128633838
128710834
129065258
128808440
128769488
129004804
128889052
128865032
129559678
128823534
128662228
128805920
128777358
128852220
128783326
128992934
129517884
129623764
128806588
128730904
128677566
128854200
128700100
129183586
129509254
128997488
128930658
129617778
129172702
129224250
129201188
129192744
129085798
128894926
128860192
128827292
129927380
129543852
129069264
129325632
130030138
129122700
129360240
129441922
128632180
130418344
129480764
129284524
129255324
129437312
129340940
129484130
128977634
129126526
130141708
129880020
129252166
129623012
129492630
129523406
129786344
129519748
129721068
130301330
129401424
129443516
129378274
129841354
129328564
129417590
129350610
129485342
129602638
129942826
129508540
129565730
129471394
129544472
129496106
130350472
129487672
129412934
130558010
129819144
129412638
129503888
129422866
129351614
129458700
129388646
130136978
130591402
129492160
129479590
129250654
129934166
129262242
129458814
129354360
129371238
130332514
129453594
129319080
129413554
129357556
129290752
129347158
129501098
129530804
130264374
129551750
129416340
129281128
129308912
129480004
129396216
129287130
129349252
130183274
129356154
129336170
129386116
129320522
129309148
129294006
129284970
129300950
129325568
130902904
129654612
129665522
128995870
128701426
128904378
128745664
129283204
128811306
129884012
128858258
128941420
128899334
128731994
128789878
128926550
128708258
128869296
130388010
128974258
128874886
128820074
128686330
129112310
128863570
128727280
129352100
129664722
129159450
128793898
128696810
128843316
128942538
128903034
129101852
129368200
129944464
128803638
128754184
128771742
128834436
128949926
128930460
128582986
128722400
129345298
130443854
129129744
128751256
128919626
129005840
128760080
128811568
129361710
135998928
147491688
135395334
128803736
128795902
129387036
129322150
129302364
129824292
129093912
129687396
128798176
132807872
131151434
129470296
129373672
129482462
130098148
129927044
130031270
129640064
129644104
129228360
128878282
128911634
128703958
128861186
128972836
129743614
128916146
129160468
128707468
128717306
128863658
128881148
128746660
128951392
129472752
129840070
129086538
128608112
128946012
129541788
128814886
128860796
128953836
128834292
130023052
128772140
128757492
128795002
128748242
128837266
128721092
129131188
129306316
129906162
129601944
129436050
129313234
129515192
129441802
129414240
129406726
129578294
130123540
129304120
129391576
129537660
129232584
129405234
129009982
129085916
129587540
129884770
129014692
129389988
129190126
129312574
129736604
129722584
129346020
129236250
130050644
129482746
129168240
128881200
131467218
129166068
129039316
129248698
128969262
129821222
129713648
129510910
129186344
130303246
129248992
129513030
129142576
129513818
129108360
130003928
129194504
129609160
129532156
129207062
129163078
129835250
129062086
130206852
130118916
129095208
128827430
128722792
128930200
128831756
128877704
129200172
128637924
129879466
128623460
128826634
128836288
129095658
129466382
129404364
129088940
129278264
130149618
128920228
129087390
129187624
129127796
129326636
129068998
129077572
129101518
130261204
129338754
129591840
129392982
129608592
128910576
128792246
128598272
128999588
129114200
129544994
128719540
128832324
128788920
128968072
129171940
129176708
129443738
146215994
130563856
129538878
129168292
129032968
128845352
128730620
128679390
128689894
129250770
129612816
128825442
128701822
128797670
128881546
128770882
128831366
128796798
128855580
129604350
129174686
129235608
128873006
128640988
129111716
128947402
128709552
128718098
130070490
128922098
128993860
128866586
128885634
128839304
128843748
128727316
128877366
128798912
129575496
128651212
128818084
129065786
128842566
128695556
128770312
129028358
129109124
129405154
129031246
128692328
128853818
128692716
128971592
128869030
128910324
128835596
130341188
128938672
129291684
129873186
129241218
129256404
129861134
129117058
129217496
129930768
129782050
129209484
129623568
129182106
129696804
129451720
129706658
129380982
130176394
128882688
129044178
129252196
129562342
129368588
129547632
128764966
129049834
128999392
129191232
129129684
128888072
128806366
129219896
128809416
128847680
128931420
128803966
129826196
128806256
128909488
128931062
129097002
128938526
128730462
128917626
129105226
129448940
129054018
129037858
128925734
129071600
129019314
128817692
128878900
131674052
130338426
128885544
128990018
128691692
128753006
128923456
129392868
129046526
129325896
130268516
129291084
128961042
129314984
128757052
128986004
129222172
129018826
128671964
128889694
129553790
128960242
129395938
129514442
129394066
129129624
129158066
129343500
129353370
129769712
129156372
129337816
128808800
128953352
129036846
128830086
129284828
129149870
130242358
128751792
129023856
128641354
128910426
129225732
129342444
128606574
128802526
129893074
128729154
128783558
128866688
129107990
128840306
128948588
128823410
128923014
130003260
129124472
129058356
128850686
128920440
129181020
129133030
129312876
128977162
129757798
130284804
129543120
129109538
129349598
128963988
129183276
129861834
129305974
129288118
130305828
128750688
128740432
128906674
128922902
128757852
128722146
128925886
128760920
129596756
128889172
128965396
128902202
128898682
128772554
128747122
128742922
128852982
130092206
128767226
128770052
128868504
128719222
128728718
128885672
129153664
129031638
130290444
129387992
129331952
129490838
129490572
129333564
129512652
129425004
129559700
129382266
130050526
129246654
129281632
129465312
129373082
129196762
129380940
131888382
129840186
130187968
129510534
130076368
129369556
129737760
129522966
129664922
129695424
129288240
130249032
129553534
129457894
129332820
129418608
129430086
129351768
128939614
129041510
129956764
128815402
128963328
129185682
128842196
129488098
128917102
129100176
128993274
130061348
129701258
129455088
129356186
129370856
129322072
129276038
129672540
129379690
130357484
129344324
129480580
129530948
129303628
129627944
129388052
129741344
129343484
129531444
130333914
129360124
129386148
129524726
129430676
129245770
129332932
129391416
129316892
129825134
129307472
129018236
129025324
129088782
129321642
129085256
129286184
128889210
129872168
129010930
129307040
129180916
128959026
128979088
129054320
129000396
129360906
130031606
129183554
128948372
129082912
129112720
129144912
129580204
129311422
129512600
130212330
129379236
129456182
129585818
129555174
129336244
129536612
129290346
129496024
129697902
130124040
129642882
129380452
129427870
129359906
129513120
129897422
129770348
129913588
130210658
129412968
129536458
129474642
129472440
129396940
129633652
129306586
129688448
130200374
129307192
129467912
129058818
129393310
129643546
129693480
129367246
129327904
130234344
129075812
129131488
129364548
129293912
129227422
129381708
129458830
129345780
130166126
129027702
129166182
129108324
129265168
129115324
129469586
130105792
129916100
130844866
129569446
129361006
129450586
129475224
129353556
129795360
129711852
128794482
128916644
129384788
128725692
