Avg_MHz	Busy%	Bzy_MHz	TSC_MHz	CoreTmp	CoreThr	GFXMHz	GFXAMHz	UncMHz
2049	86.11	2381	2399	52	0	300	300	2200
2393	99.77	2400	2399	52	0	300	300	2200
2393	99.77	2400	2399	52	0	300	300	2200
2393	99.77	2400	2399	52	0	300	300	2200
2393	99.77	2400	2399	52	0	300	300	2200
2393	99.77	2400	2399	52	0	300	300	2200
2393	99.77	2400	2399	52	0	300	300	2200
2393	99.77	2400	2399	52	0	300	300	2200
2393	99.77	2400	2399	52	0	300	300	2200
2393	99.77	2400	2399	52	0	300	300	2200
2393	99.77	2400	2399	52	0	300	300	2200
2393	99.77	2400	2399	52	0	300	300	2200
2393	99.77	2400	2399	52	0	300	300	2200
2393	99.77	2400	2399	52	0	300	300	2200
2392	99.72	2400	2399	52	0	300	300	2200
2393	99.77	2400	2399	52	0	300	300	2200
2393	99.77	2400	2399	52	0	300	300	2200
2393	99.77	2400	2399	52	0	300	300	2200
2393	99.74	2400	2399	52	0	300	300	2200
2393	99.77	2400	2399	52	0	300	300	2200
2393	99.77	2400	2399	52	0	300	300	2200
2393	99.77	2400	2399	52	0	300	300	2200
2393	99.76	2400	2399	52	0	300	300	2200
2393	99.77	2400	2399	52	0	300	300	2200
2393	99.74	2400	2399	52	0	300	300	2200
2393	99.77	2400	2399	52	0	300	300	2200
2393	99.77	2400	2399	52	0	300	300	2200
2393	99.77	2400	2399	52	0	300	300	2200
2393	99.77	2400	2399	52	0	300	300	2200
2393	99.77	2400	2399	52	0	300	300	2200
2393	99.77	2400	2399	52	0	300	300	2200
2393	99.77	2400	2399	52	0	300	300	2200
2393	99.77	2400	2399	52	0	300	300	2200
2393	99.77	2400	2399	52	0	300	300	2200
2393	99.77	2400	2399	52	0	300	300	2200
2393	99.77	2400	2399	52	0	300	300	2200
2393	99.77	2400	2399	51	0	300	300	2200
2393	99.77	2400	2399	52	0	300	300	2200
2393	99.77	2400	2399	51	0	300	300	2200
2393	99.77	2400	2399	52	0	300	300	2200
