Avg_MHz	Busy%	Bzy_MHz	TSC_MHz	CoreTmp	CoreThr	GFXMHz	GFXAMHz	UncMHz
2161	91.09	2374	2399	50	0	483	300	2200
2393	99.77	2400	2399	50	0	483	300	2200
2393	99.76	2400	2399	50	0	483	300	2200
2393	99.77	2400	2399	49	0	483	300	2200
2393	99.77	2400	2399	49	0	483	300	2200
2393	99.77	2400	2399	49	0	483	300	2200
2393	99.77	2400	2399	49	0	483	300	2200
2393	99.77	2400	2399	49	0	483	300	2200
2393	99.77	2400	2399	49	0	483	300	2200
2393	99.77	2400	2399	49	0	483	300	2200
2393	99.77	2400	2399	49	0	483	300	2200
2393	99.77	2400	2399	49	0	483	300	2200
2393	99.76	2400	2399	49	0	300	300	2200
2393	99.77	2400	2399	50	0	300	300	2200
