Avg_MHz	Busy%	Bzy_MHz	TSC_MHz	CoreTmp	CoreThr	GFXMHz	GFXAMHz	UncMHz
2216	92.36	2400	2399	47	0	950	300	2200
2391	99.64	2400	2399	47	0	300	300	2200
2390	99.61	2400	2400	47	0	300	300	2200
2391	99.64	2400	2400	48	0	300	300	2200
2391	99.64	2400	2399	47	0	483	300	2200
2390	99.62	2400	2399	47	0	300	300	2200
2391	99.65	2400	2399	47	0	300	300	2200
2391	99.65	2400	2399	47	0	300	300	2200
2391	99.63	2400	2400	47	0	300	300	2200
2390	99.60	2400	2400	49	0	300	300	2200
2389	99.59	2400	2399	48	0	300	300	2200
2391	99.65	2400	2399	46	0	300	300	2200
2391	99.64	2400	2400	47	0	300	300	2200
2391	99.63	2400	2400	47	0	300	300	2200
2390	99.62	2400	2399	47	0	300	300	2200
2391	99.62	2400	2400	47	0	300	300	2200
2390	99.61	2400	2400	46	0	300	300	2200
2391	99.65	2400	2399	46	0	300	300	2200
2391	99.65	2400	2399	46	0	300	300	2200
2391	99.63	2400	2400	46	0	300	300	2200
2391	99.64	2400	2399	47	0	300	300	2200
2391	99.63	2400	2400	46	0	300	300	2200
2390	99.61	2400	2399	46	0	900	300	2200
2391	99.64	2400	2399	46	0	483	300	2200
2391	99.64	2400	2399	46	0	483	300	2200
2391	99.64	2400	2399	47	0	883	883	2200
2391	99.64	2400	2399	46	0	300	300	2200
2391	99.62	2400	2400	46	0	300	300	2200
2390	99.61	2400	2399	46	0	300	300	2200
2391	99.64	2400	2400	46	0	300	300	2200
2391	99.64	2400	2399	46	0	300	300	2200
2391	99.64	2400	2399	46	0	300	300	2200
2391	99.64	2400	2400	46	0	300	300	2200
2391	99.64	2400	2400	46	0	300	300	2200
2391	99.64	2400	2399	46	0	300	300	2200
2391	99.65	2400	2400	46	0	300	300	2200
2391	99.64	2400	2399	46	0	300	300	2200
2391	99.64	2400	2399	46	0	300	300	2200
2391	99.65	2400	2400	46	0	300	300	2200
2391	99.64	2400	2399	46	0	300	300	2200
2391	99.63	2400	2400	46	0	300	300	2200
2391	99.64	2400	2399	46	0	950	300	2200
2391	99.64	2400	2399	46	0	300	300	2200
2390	99.62	2400	2399	46	0	300	300	2200
2391	99.64	2400	2399	46	0	300	300	2200
2391	99.64	2400	2399	46	0	300	300	2200
2391	99.65	2400	2400	46	0	300	300	2200
2391	99.64	2400	2399	46	0	300	300	2200
2391	99.65	2400	2400	46	0	300	300	2200
2391	99.63	2400	2400	45	0	300	300	2200
2391	99.65	2400	2399	46	0	300	300	2200
2391	99.65	2400	2400	46	0	300	300	2200
2391	99.65	2400	2399	46	0	300	300	2200
2391	99.64	2400	2399	46	0	300	300	2200
2391	99.64	2400	2400	45	0	300	300	2200
2391	99.65	2400	2399	46	0	300	300	2200
2391	99.65	2400	2399	45	0	300	300	2200
2391	99.63	2400	2399	46	0	300	300	2200
2391	99.64	2400	2400	46	0	483	300	2200
2391	99.64	2400	2399	46	0	300	300	2200
2390	99.63	2400	2399	45	0	300	300	2200
2391	99.64	2400	2400	45	0	300	300	2200
2391	99.64	2400	2399	45	0	300	300	2200
2391	99.64	2400	2399	46	0	300	300	2200
2391	99.64	2400	2400	45	0	300	300	2200
2391	99.64	2400	2399	45	0	300	300	2200
2391	99.65	2400	2400	45	0	300	300	2200
2391	99.64	2400	2399	45	0	300	300	2200
2391	99.63	2400	2399	45	0	300	300	2200
2391	99.64	2400	2399	45	0	300	300	2200
2391	99.64	2400	2400	46	0	300	300	2200
2390	99.61	2400	2399	45	0	300	300	2200
2391	99.64	2400	2400	45	0	300	300	2200
2391	99.65	2400	2399	45	0	300	300	2200
2391	99.64	2400	2399	45	0	300	300	2200
2391	99.65	2400	2399	45	0	300	300	2200
2391	99.64	2400	2400	46	0	300	300	2200
2391	99.64	2400	2399	45	0	300	300	2200
2391	99.63	2400	2399	45	0	300	300	2200
2391	99.65	2400	2399	45	0	300	300	2200
2391	99.65	2400	2399	45	0	300	300	2200
2391	99.64	2400	2400	45	0	300	300	2200
2391	99.65	2400	2399	45	0	300	300	2200
2391	99.64	2400	2400	45	0	300	300	2200
2391	99.64	2400	2399	45	0	300	300	2200
2391	99.65	2400	2399	45	0	300	300	2200
2391	99.65	2400	2399	45	0	300	300	2200
2391	99.65	2400	2399	45	0	300	300	2200
2391	99.64	2400	2399	45	0	300	300	2200
2391	99.64	2400	2400	46	0	300	300	2200
2391	99.63	2400	2399	45	0	300	300	2200
2391	99.64	2400	2400	45	0	300	300	2200
2391	99.65	2400	2399	45	0	300	300	2200
2391	99.65	2400	2400	45	0	300	300	2200
2391	99.63	2400	2399	45	0	300	300	2200
2391	99.65	2400	2400	45	0	300	300	2200
2390	99.60	2400	2399	45	0	300	300	2200
2391	99.65	2400	2399	45	0	300	300	2200
2391	99.64	2400	2399	45	0	300	300	2200
2391	99.65	2400	2399	45	0	300	300	2200
2391	99.64	2400	2400	46	0	300	300	2200
2390	99.63	2400	2399	45	0	950	300	2200
2391	99.64	2400	2400	45	0	300	300	2200
2391	99.64	2400	2400	45	0	300	300	2200
2391	99.63	2400	2399	45	0	300	300	2200
2391	99.65	2400	2399	45	0	300	300	2200
2391	99.65	2400	2399	45	0	300	300	2200
2391	99.64	2400	2400	46	0	300	300	2200
2391	99.64	2400	2399	45	0	300	300	2200
